function [nodeIndex]=index


nodeIndex = [500,  2;
			1000,  9;
			1000, 10;
			1000, 11;
			1000, 12;
			1000, 13;
			1000, 14;
			1000, 15;
			1000, 16;
			1000, 17;
			1000, 18;
			1000, 19;
			 500,  3;
     16.66666667, 56;
             100, 88;
			 200, 89;
			 300, 90;
			 400, 91;
			 500, 92;
			 600, 93;
             700, 94;
             800, 95;
             900, 96;
      483.333333, 50]

