 function [M]=nCoordinates
M =   [1,         115.,         30.;
      2,         100.,          30.;
      3,         100.,         -90.;
      4,         115.,         -90.;
      5,         100.,          45.;
      6,         115.,          45.;
      7,           0.,          45.;
      8,           0.,          30.;
      9,         100.,          20.;
     10,         100.,          10.;
     11,         100.,           0.;
     12,         100.,         -10.;
     13,         100.,         -20.;
     14,         100.,         -30.;
     15,         100.,         -40.;
     16,         100.,         -50.;
     17,         100.,         -60.;
     18,         100.,         -70.;
     19,         100.,         -80.;
     20,         115.,         -80.;
     21,         115.,         -70.;
     22,         115.,         -60.;
     23,         115.,         -50.;
     24,         115.,         -40.;
     25,         115.,         -30.;
     26,         115.,         -20.;
     27,         115.,         -10.;
     28,         115.,           0.;
     29,         115.,          10.;
     30,         115.,          20.;
     31,          90.,          45.;
     32,          80.,          45.;
     33,          70.,          45.;
     34,          60.,          45.;
     35,          50.,          45.;
     36,          40.,          45.;
     37,          30.,          45.;
     38,          20.,          45.;
     39,          10.,          45.;
     40,          10.,          30.;
     41,          20.,          30.;
     42,          30.,          30.;
     43,          40.,          30.;
     44,          50.,          30.;
     45,          60.,          30.;
     46,          70.,          30.;
     47,          80.,          30.;
     48,          90.,          30.]
	  
n(:,1)=M(:,1);
n(:,2)=M(:,2);
n(:,3)=M(:,3)+90;
M=n