function [N]=nodeTopology(N)

N =[ 1,  1,  2,  9, 30;
 2, 30,  9, 10, 29;
 3, 29, 10, 11, 28;
 4, 28, 11, 12, 27;
 5, 27, 12, 13, 26;
 6, 26, 13, 14, 25;
 7, 25, 14, 15, 24;
 8, 24, 15, 16, 23;
 9, 23, 16, 17, 22;
10, 22, 17, 18, 21;
11, 21, 18, 19, 20;
12, 20, 19,  3,  4
13, 5, 2, 1, 6;
14,  2,  5, 31, 48;
15, 48, 31, 32, 47;
16, 47, 32, 33, 46;
17, 46, 33, 34, 45;
18, 45, 34, 35, 44;
19, 44, 35, 36, 43;
20, 43, 36, 37, 42;
21, 42, 37, 38, 41;
22, 41, 38, 39, 40;
23, 40, 39,  7,  8]